0.27
0.28
0.3
0.31
0.33
0.32
0.33
0.32
0.34
0.36
0.38
0.36
0.36
0.38
0.4
0.42
0.44
0.44
0.48
0.48
0.48
0.48
0.48
0.5
0.5
0.53
7.77
7.77
8.24
8.24
8.5
8.5
8.5
8.5
8.5
8.16
8.16
8.16
8.16
8.16
7.9
7.9
7.9
7.9
7.9
7.9
7.9
7.9
7.9
7.9
7.9
8.15
8.15
7.91
7.91
7.91
7.91
7.91
7.91
7.91
7.91
7.91
7.91
7.91
7.91
7.91
7.91
8.21
8.21
8.52
8.52
8.52
8.52
8.52
8.52
8.52
8.52
8.52
8.52
8.83
8.83
8.83
8.83
8.47
8.47
8.47
8.78
8.78
8.78
8.78
8.78
8.78
8.48
8.48
8.88
8.88
8.88
8.88
8.88
8.88
9.26
9.26
8.94
8.94
8.94
8.94
8.94
9.32
9.32
9.32
9.32
9.32
9.32
9.7
9.7
9.7
9.39
9.39
9
9
9
9
9
8.73
8.73
8.73
8.73
8.73
8.73
8.73
8.73
8.73
8.73
9.05
9.05
9.05
9.05
9.05
9.05
9.05
9.05
8.6
8.6
8.6
8.6
8.87
8.87
8.87
8.87
8.87
8.87
8.87
8.87
8.87
8.87
8.87
8.87
8.87
8.58
8.15
8.15
8.15
8.15
8.15
8.15
8.15
8.15
8.15
8.15
8.15
8.15
8.15
7.72
7.72
8.11
8.11
8.11
8.41
8.41
8.41
8.69
8.69
8.69
8.69
8.24
8.24
8.24
8.58
8.58
8.58
8.58
8.19
8.47
8.47
8.47
8.47
8.47
8.47
8.47
8.47
8.08
8.08
8.39
8.39
8.39
8.39
8.39
8.73
8.73
8.73
8.73
8.73
8.73
9.04
9.04
9.04
9.04
9.04
9.04
8.75
8.75
8.75
8.75
8.75
9.02
9.02
9.02
9.02
0.16
0.16
0.17
0.18
0.16
0.17
0.18
0.19
0.18
0.19
0.19
0.17
0.18
0.19
